Protein;NLCP;OPCA;SIMPLIFIED;AVERAGED;AVERAGED-3;CLOSEST;FARTHEST;BESTPROTEIN;SUPER5;SUPER10;SUPER30;SUPER50;SUPER80
P00750;0.13713452292626063;0.010084622920118344;0.166585295788796;0.16644571866622476;0.13305421174536763;0.010084622920118344;0.08385826652430589;0.18863848115505472;0.10338627876512956;0.08720393610356209;0.4620324205346047;0.5539130491702624;0.5939716312056738
P07858;0.04622604425596281;-0.1015944058084953;0.046644695222809264;0.047481997156502184;0.09848763995062869;-0.027282563647748392;-0.027735626553577683;0.04413278942173053;0.2594333248761163;0.22838057776428616;0.5673835553772345;0.6070753437190637;0.5643303020127929
P29466;0.2397655952537307;0.031041072758693188;0.23445842028961722;0.23550588903253436;0.2683964075601322;-0.05855350272906747;-0.030516788070397212;0.04005241140612464;0.3265828313141362;0.47556649688686214;0.5519191498304217;0.5647362593093896;0.6619296649302059
P00747;0.46791519192511777;-0.00995896346252851;0.44212761731226313;0.40788395454722576;0.4565239326787891;0.009714187977320293;0.0033198860240041188;0.052588482103450254;0.5009500002616634;0.5268823749832303;0.5841440254320763;0.6355164703876633;0.6607470458429168
P00749;0.25212438467333753;0.0021287368499572617;0.25177542358728444;0.25044937146028284;0.25010041037422975;-0.012946456292568612;0.005478880089234263;0.01992567801362986;0.28945080344941854;0.28608384276481974;0.4561154804762233;0.6279709044832315;0.6915230276098808
P08246;0.13314258123944628;-0.026467431710919115;0.13398061479563478;0.1344694677034114;0.1084904274615682;-0.05164381790011567;-0.032264854435236315;0.043092648641438365;0.28099671823634914;0.4043313672301898;0.49521811037067426;0.4846067391768504;0.47137192254280713
P07477;0.45309830067670764;0.006181793897473193;0.421946482871588;0.3768252400417509;0.4745579150278859;-0.04187408154029597;-0.055600250274094376;0.01557590890255986;0.4323084064227989;0.4399531790862667;0.6043366420092918;0.6245800096651875;0.7401173300494784
P00742;-0.1725801729932688;-0.04679430024503848;-0.17048490581811782;-0.16650389818533093;-0.15442119080862698;-0.006495328242968028;0.05112986766595391;0.06907638310383027;0.09515341231186815;0.39520338161630514;0.5099948087866213;0.5151839516632624;0.5814474750763441
P00734;-0.03318851756512189;0.07548555572382613;-0.002198608419140567;0.019438490308909456;-0.04700834191400545;0.028024509869189806;0.0001745109869199795;0.07548555572382613;0.2526833809922093;0.320000107312777;0.4141818516643263;0.48622903227922915;0.5419069268987815
