Protein;NLCP;OPCA;SIMPLIFIED;AVERAGED;AVERAGED-3;CLOSEST;FARTHEST;BESTPROTEIN;SUPER5;SUPER10;SUPER30;SUPER50;SUPER80
P00750;1.2389375107633893;1.676343930637553;1.1955228028540377;1.2078234700816486;1.505567990138223;1.676343930637553;1.7375610534285444;1.414703091489635;1.8193346926619192;1.5942780508150527;0.9010984920840676;0.9305448389264207;0.7451140810296226
P07858;2.907513453517321;2.5320385280112907;2.8608868007132124;2.8591409285553384;2.9637058293903564;3.91931719971046;2.0383532595665375;2.0383532595665375;2.2867106838745515;2.2068042563852672;1.2014113767823213;1.0536607010752836;1.2207774429227416
P29466;2.466787359556776;3.1022604886527185;2.545278415937307;2.5620674091086846;1.957742822295011;1.7671361507204442;2.3710010211315105;1.7671361507204442;1.405675079095498;1.0858459098375768;1.0049608938245527;1.051699645988576;0.9291502489417816
P00747;0.9423301073765571;2.489916793134689;0.9437639521042703;0.9709884467040041;0.9554955683909941;1.682140764076563;2.3774328360056955;1.4550733998089556;0.9560007614764069;0.8778988043256134;0.7079047941832962;0.6061808728306858;0.701703182442767
P00749;1.3869561912512338;2.236931572962221;1.4323341446150628;1.529911687086105;1.439921859855746;1.6272748139086306;2.5938205091714965;1.6272748139086306;1.5851433607431555;1.4139503624408771;0.8884226638552206;0.7376812999030452;0.6320134059674946
P08246;3.787007837774095;3.2258918434227026;3.721035839374981;3.70179206821707;4.124555556366884;3.34363463489001;4.668329507249617;2.2927036169528643;2.2544016758227263;1.5051177039979093;1.1472480844151947;1.1396602547729318;1.1680555613621564
P07477;1.369819604378496;2.1102439842026226;1.3797284699946515;1.5246070540834258;1.2897637262929906;2.121646945542346;3.2770021383768126;1.6603004149184863;1.314440384144663;1.164699963103006;0.8378555086859044;0.8220774521348194;0.7428667010981019
P00742;3.111226954883406;3.2108708487822626;3.1819468647998477;3.250751360738677;3.037685207575573;2.922685190869334;4.338302574909379;2.922685190869334;2.5824894644648673;1.7400485070740799;1.2004602226332366;1.243251798476431;1.0715916890459454
P00734;2.5622044019110706;2.860607489979493;2.661002847513016;2.730404660464707;2.5614145947537814;2.2344166705282125;4.062484900904577;2.2344166705282125;1.9210546526512071;1.6515839354758355;1.4755184427959342;1.3990964160789796;1.3036469877452765
