Protein;NLCP;OPCA;SIMPLIFIED;AVERAGED;AVERAGED-3;CLOSEST;FARTHEST;BESTPROTEIN;SUPER5;SUPER10;SUPER30;SUPER50;SUPER80
P00750;0.024562835693359375;0.7911422252655029;0.0031752586364746094;0.003797769546508789;0.0032689571380615234;0.008584260940551758;0.003651857376098633;0.026393890380859375;0.6188969612121582;0.46855592727661133;0.7844991683959961;2.144420862197876;6.074826002120972
P07858;0.01974201202392578;0.6119959354400635;0.0030431747436523438;0.0030579566955566406;0.003259897232055664;0.006279945373535156;0.006638288497924805;0.026525020599365234;0.36875104904174805;0.34117889404296875;0.7263760566711426;2.2328732013702393;5.694526195526123
P29466;0.022207260131835938;0.8101251125335693;0.0030739307403564453;0.003117799758911133;0.003734111785888672;0.005643606185913086;0.0062160491943359375;0.02592301368713379;0.30962085723876953;0.33513808250427246;0.7278640270233154;2.17952299118042;5.468717098236084
P00747;0.017930030822753906;0.6780099868774414;0.0031337738037109375;0.0031049251556396484;0.0032219886779785156;0.007142066955566406;0.006723642349243164;0.025427818298339844;0.3661026954650879;0.33986806869506836;0.7447299957275391;2.345668077468872;5.5072181224823
P00749;0.018790245056152344;0.827254056930542;0.003039121627807617;0.0034339427947998047;0.0034019947052001953;0.011413097381591797;0.003142118453979492;0.025332927703857422;0.3696908950805664;0.3454263210296631;0.772498369216919;2.2752227783203125;6.205905199050903
P08246;0.02152705192565918;0.573657751083374;0.003409147262573242;0.0034029483795166016;0.003155231475830078;0.007040739059448242;0.0041811466217041016;0.025243043899536133;0.370466947555542;0.33429622650146484;0.7203702926635742;2.247107982635498;5.348320960998535
P07477;0.019522666931152344;0.6928021907806396;0.0031270980834960938;0.0031807422637939453;0.0035507678985595703;0.006779909133911133;0.006009101867675781;0.02712106704711914;0.360260009765625;0.331104040145874;0.7848429679870605;2.234360933303833;5.679265022277832
P00742;0.02108311653137207;0.6524250507354736;0.003131866455078125;0.003057718276977539;0.003039836883544922;0.004410982131958008;0.006609916687011719;0.025947093963623047;0.375748872756958;0.34646177291870117;0.7139930725097656;2.201570987701416;6.38786506652832
P00734;0.022650957107543945;0.784696102142334;0.0032651424407958984;0.0033690929412841797;0.0031371116638183594;0.005684852600097656;0.0039021968841552734;0.02581501007080078;0.3639678955078125;0.3600900173187256;0.7521512508392334;2.5789029598236084;5.5432000160217285
