Protein;NLCP;OPCA;SIMPLIFIED;AVERAGED;AVERAGED-3;CLOSEST;FARTHEST;BESTPROTEIN;SUPER5;SUPER10;SUPER30;SUPER50;SUPER80
P00750;0.17565780875592774;0.13996339976676359;0.20615541003774757;0.20629498716031877;0.13472916641722119;0.031161135874275714;0.08260196290596424;0.25905513949225417;0.13247725780400446;0.22965521422824958;0.42006148341759275;0.4644483647423716;0.5035460992907802
P07858;-0.013361476948638994;-0.04441033983189932;-0.023618067608951958;-0.023897158511273397;0.009663522492879899;-0.04291247066669738;-0.05152715784109607;-0.020792634719739026;0.433958618276134;0.41820378942976244;0.49375857239726667;0.5073916395258082;0.389357022763609
P29466;0.2980152772923502;-0.01889001347570726;0.2999007869553598;0.3007387912500307;0.27545899502745763;-0.027549391187306895;0.05998818658846317;0.06529563965100472;0.3698784881308334;0.43139398622665515;0.5177786771044721;0.5460416890348708;0.6329344270678371
P00747;0.3788931669331709;-0.037605375465125115;0.3689682767460264;0.3533820055366375;0.301945585276628;0.047703208785022835;0.04302475731075479;0.047703208785022835;0.47533347951547145;0.49979604907920433;0.5634865881782927;0.6110774625862593;0.6074609937588107
P00749;0.2327140209546847;0.0100509549561645;0.2383669931236244;0.23557540192908627;0.23547482250467366;-0.02536858498036524;-0.0026172992686266136;0.0700003695827468;0.4425923000360752;0.3938800694246573;0.5555437476848873;0.4923637817631722;0.4809229932247386
P08246;0.11911851902772333;0.002899416260548908;0.12484738621849945;0.12687344900548125;0.10556485762515538;0.002899416260548908;0.0373799719916153;0.04890666910688433;0.11263201634209385;0.15709903725903096;0.48486218019608973;0.5235697655144833;0.5785272907426744
P07477;0.32746106485217713;-0.06181900721969763;0.29449495146618426;0.2629955507520258;0.37767851299736543;0.03017290099490182;-0.03628620826998352;0.04829843705497351;0.31643769205837013;0.38453955199865253;0.5460914183185076;0.5810716943862473;0.5511130706277347
P00742;-0.20229141532348935;-0.012189812986793787;-0.2074604639194625;-0.21842722918389196;-0.18524752535838873;0.010896913256375807;-0.002934091278325082;0.07889646759924429;-0.0817623477545753;0.32330213847347405;0.4431041337708158;0.4983170916871121;0.5477146444612279
P00734;-0.02659966159060091;0.005096700799244169;-0.013474369257181037;-0.01082138463659617;-0.03420953852859434;-0.02174787150061841;-0.07816786312610774;0.015814011760676285;0.178751168887887;0.1905276336389503;0.2928101702176896;0.40448672905428057;0.5235139594143833
