Protein;NLCP;OPCA;SIMPLIFIED;AVERAGED;AVERAGED-3;CLOSEST;FARTHEST;BESTPROTEIN;SUPER5;SUPER10;SUPER30;SUPER50;SUPER80
P00750;1.2081423307350603;1.4208524615688904;1.1628887620970294;1.175098169669748;1.4493305343230702;1.7700142984955367;1.8991161815633892;1.4208524615688904;1.5866977214835796;1.3153976274841674;1.0197404301062793;0.9185533790578341;0.8053629655772468
P07858;3.0292756925413786;2.558615378790823;2.9994046056532047;2.9992299303482115;3.0427281316841026;4.150452147174062;2.1998779713360817;2.1998779713360817;1.868641602462092;1.7293433913861311;1.369754658089292;1.3179688649119887;1.1627382028395195
P29466;2.227843993444724;2.4062997459086444;2.3723964715579062;2.4094008633882913;1.6609434493233457;1.9321398602803987;2.1570391071976065;1.9321398602803987;1.5498612273006533;1.2003286414401577;1.0976504252681094;0.9801073649490052;0.8796021252647617
P00747;1.0378591097234222;2.835553964348355;0.9927827984192402;0.9919539194891714;1.0640658040313076;1.542469612616136;2.5011618490021;1.542469612616136;1.3756346887244904;1.0998736702640104;0.8145334948024644;0.6850347409957783;0.7256927087605947
P00749;1.511380156803052;2.5834137426422004;1.5557267148274785;1.6349879236151619;1.6338941822827688;1.7135035406342065;2.9120169663159463;1.6066224692139992;1.1261436137259042;1.0004703125517957;0.9609328972159988;1.161218537769994;0.9692556271639332
P08246;3.7905593525681813;3.6266577950181245;3.745531670335791;3.7147474892158554;4.236897478173549;3.6266577950181245;5.0461991137647;2.46123377430023;2.6790935849532698;2.249205514634608;1.286498739984018;1.2076574700368106;0.9516751676901308
P07477;1.7730305429050532;2.285607123216643;1.6115365400373542;1.7403037620908877;1.5709333335427809;2.2427734577955736;3.5877078162277085;1.7209179965595707;1.748124931595358;1.2126647014952316;0.9855200003090008;0.9373534375233075;0.9535930814869132
P00742;3.144024914563124;4.872391181822269;3.221532593252099;3.309762834978924;3.0749052115338795;2.8901763033175922;4.450810303525561;2.8901763033175922;3.0560976132784905;1.569606894549713;1.241438803412726;1.1515508063021882;1.1292165732907544
P00734;2.4206047957807613;2.818086829642508;2.522233225136317;2.6220883318514425;2.386598632203448;2.1101753062366844;4.0066699710200195;2.1101753062366844;2.2366352922944026;1.7266754689352188;1.5500847963751856;1.4054797548829443;1.2791541854189883
