Protein;NLCP;OPCA;SIMPLIFIED;AVERAGED;AVERAGED-3;CLOSEST;FARTHEST;BESTPROTEIN;SUPER5;SUPER10;SUPER30;SUPER50;SUPER80
P00750;0.02129817008972168;0.8338217735290527;0.0033075809478759766;0.0031850337982177734;0.0031769275665283203;0.006064176559448242;0.004408836364746094;0.025580644607543945;0.39215779304504395;0.4889369010925293;0.8497121334075928;2.02248477935791;5.573723793029785
P07858;0.02243494987487793;0.8253419399261475;0.003062009811401367;0.0035011768341064453;0.003275156021118164;0.0044710636138916016;0.0052530765533447266;0.026459217071533203;0.3695859909057617;0.3447110652923584;0.7344398498535156;2.267143726348877;5.926531076431274
P29466;0.02197408676147461;0.7048919200897217;0.0035390853881835938;0.003274202346801758;0.0031630992889404297;0.004393815994262695;0.0058460235595703125;0.026002168655395508;0.37565064430236816;0.34594106674194336;0.732105016708374;2.2904489040374756;6.274410009384155
P00747;0.020460128784179688;0.6974060535430908;0.0032389163970947266;0.0032329559326171875;0.0035219192504882812;0.004188060760498047;0.0062792301177978516;0.0257720947265625;0.38097095489501953;0.342512845993042;0.7438211441040039;2.3308727741241455;6.356121063232422
P00749;0.021492958068847656;0.8268580436706543;0.0032498836517333984;0.0032787322998046875;0.0035982131958007812;0.006433963775634766;0.0043849945068359375;0.027105093002319336;0.3817100524902344;0.36093592643737793;0.6977479457855225;2.2338387966156006;5.527842044830322
P08246;0.022753000259399414;0.7351102828979492;0.003328084945678711;0.003241300582885742;0.0032951831817626953;0.0057830810546875;0.003771066665649414;0.02577829360961914;0.375316858291626;0.3523530960083008;0.7142829895019531;2.133498191833496;5.775271892547607
P07477;0.020184755325317383;0.4949009418487549;0.0040662288665771484;0.003290891647338867;0.0032482147216796875;0.005569934844970703;0.004029750823974609;0.030491113662719727;0.37384605407714844;0.3478090763092041;0.6935930252075195;2.138690948486328;7.092439651489258
P00742;0.02152395248413086;0.7930638790130615;0.003487825393676758;0.0030930042266845703;0.003039121627807617;0.006555795669555664;0.0048220157623291016;0.02545905113220215;0.39153385162353516;0.3578822612762451;0.7513799667358398;2.3477346897125244;5.751127004623413
P00734;0.023092269897460938;0.725391149520874;0.0031900405883789062;0.0034809112548828125;0.0033180713653564453;0.0057222843170166016;0.003843069076538086;0.026993989944458008;0.3214998245239258;0.3525240421295166;0.8295779228210449;2.2214062213897705;5.936585903167725
