Protein;NLCP;OPCA;SIMPLIFIED;AVERAGED;AVERAGED-3;CLOSEST;FARTHEST;BESTPROTEIN;SUPER5;SUPER10;SUPER30;SUPER50;SUPER80
P00750;0.1611738681310884;0.14746322613614812;0.19285732174941014;0.1855296507583886;0.1612115723495041;-0.002931119497263711;0.09443050651885015;0.22579694753762133;0.10556448635565101;0.15417773778869356;0.5078822645866136;0.5554154897294293;0.7015521754123343
P07858;0.060109203087480384;0.019676251647538272;0.056969430436364175;0.057736930417748134;0.06094647579444471;0.00523304565094103;-0.055853066827078406;0.019676251647538272;0.3611643056299819;0.44362103544546605;0.494099216083061;0.5401808258414778;0.5549645390070923
P29466;0.26751884024263395;-0.040746532162185184;0.2508992933938355;0.25299419425712943;0.263468698573599;-0.03610212487743194;-0.044936406934646386;-0.014978802311548797;0.2952185309437438;0.4555338679177089;0.5535567492168957;0.5974904335162685;0.7454483072167015
P00747;0.45093095336372224;-0.008737617295065149;0.4454087792332411;0.41430286166280916;0.43601470446212637;-0.022473543484500785;-0.04208476729560824;-0.008737617295065149;0.2911118517333374;0.3739941447528595;0.5846807738807555;0.5761446106020585;0.6287269227204411
P00749;0.22700633580368912;0.045151620237055955;0.22784374005503993;0.23119335706044328;0.22400563723634861;0.0032100496301782047;-0.03590558523295557;0.045151620237055955;0.285957429096909;0.45239440092503874;0.49097539552986985;0.5292222743039899;0.7086475197907143
P08246;0.1791005590270593;-0.01292397418954965;0.18028804323277692;0.1770748506761292;0.1650981089053353;0.0023051967771922045;0.020921771887808426;0.024029092162756782;0.15032339299457015;0.23192438411902988;0.4214253906588641;0.5077524469326566;0.6370898692534359
P07477;0.43469501093839474;0.036281768815305135;0.4140235155190414;0.3647890416317302;0.4874911276175539;0.020008749821522506;0.036281768815305135;0.07531826962761004;0.40243112268279546;0.419893013213275;0.6321584265768639;0.6491801808454684;0.7016485742948062
P00742;-0.2225637640609913;0.03550546636078873;-0.22598513643400733;-0.21167123160812396;-0.22242411620903144;0.13311931488071527;0.06560644141556823;0.13311931488071527;0.25030010291074883;0.26908169678805655;0.3701644409636097;0.4840160083697944;0.5088652482269503
P00734;-0.07091756193610944;-0.012460085558932823;-0.04509128445937667;-0.015495766486039663;-0.060517250195479225;0.011622027481837823;-0.01919721441456432;0.038321947929425136;0.08544962237025151;0.19978023398480077;0.29888349798669034;0.32164910869070346;0.2679681622765149
