Protein;NLCP;OPCA;SIMPLIFIED;AVERAGED;AVERAGED-3;CLOSEST;FARTHEST;BESTPROTEIN;SUPER5;SUPER10;SUPER30;SUPER50;SUPER80
P00750;1.2205491171208278;1.4008084260385827;1.1793128884181792;1.2340749650384941;1.3929695444391903;1.651904445167987;1.8431427119725974;1.381102121780111;1.8744992810252874;1.5344474311566048;0.9575738878717492;0.8698543755659753;0.6853924231870961
P07858;2.9167558584366433;2.4376575212685787;2.8441925955791363;2.8407879010245445;3.049772790565142;4.686529616654907;2.226826730131799;2.226826730131799;1.7303552750883229;1.5882243889974597;1.5541367523421223;1.2379490911025983;1.082721013017129
P29466;2.4034043338887656;2.444678018291674;2.491302723830963;2.497802505108826;1.9580451879305905;1.93360690110935;2.3510125425520654;1.93360690110935;1.5166352706741044;1.2478210251938933;1.0214919770477764;0.9263318452135326;0.7605472382484396
P00747;0.8817840097106054;1.5937663726853137;0.8876251915513684;0.927364269415062;0.9499847905903516;1.5743288711500771;2.3699022020876046;1.5743288711500771;1.390865690817692;1.3236452829023615;0.6120313109615456;0.6065273545627605;0.4400695105426017
P00749;1.4963829345389428;1.6954223725149946;1.5302426980392174;1.6449462199499287;1.535610818750883;1.6952603919292584;3.1176035615417015;1.686003128909097;1.27881537010682;1.0557157840133802;1.051804353237979;0.9617928056985846;0.4907027515445676
P08246;3.8158882252355997;4.363562965538062;3.7557513174745867;3.744942593083444;4.153140839992266;3.5043653739330503;5.185093012201379;2.5746143812143027;2.457201809588876;1.976438595124349;1.3731313038193143;1.1540318223203785;1.0306703779755313
P07477;1.329242355395915;3.646197221486311;1.4359055768222817;1.6360196399292735;1.2986817083255513;2.090848021583376;3.646197221486311;1.6319095270063333;1.6826230994056524;1.3373453730759248;0.7130307886379221;0.6812023096039764;0.5681307171066714
P00742;3.179520765022941;3.035898459378703;3.2641324087976558;3.374241613420266;3.1581381599348326;2.603905012644249;4.072719882117842;2.603905012644249;2.169990152626525;1.6502523969692258;1.376687599394958;1.1795720127720142;1.1059522484753674
P00734;2.550059542115602;4.6055666637944395;2.6477191013480703;2.730780877714924;2.5479705530139984;2.2698504100494477;3.8186313491503245;2.2698504100494477;2.2913384935562418;1.8403734650990013;1.625276081312407;1.6109270919105716;1.6185543626762517
