Protein;NLCP;OPCA;SIMPLIFIED;AVERAGED;AVERAGED-3;CLOSEST;FARTHEST;BESTPROTEIN;SUPER5;SUPER10;SUPER30;SUPER50;SUPER80
P00750;0.01648116111755371;0.9247739315032959;0.00496220588684082;0.0032358169555664062;0.0032999515533447266;0.0034008026123046875;0.0040209293365478516;0.029251813888549805;0.45453715324401855;0.5724790096282959;1.0463380813598633;2.191662073135376;6.7984209060668945
P07858;0.019116878509521484;0.8045589923858643;0.003113269805908203;0.0032460689544677734;0.0032906532287597656;0.0033550262451171875;0.003303050994873047;0.028331995010375977;0.39153194427490234;0.3679070472717285;0.7714109420776367;2.5193777084350586;6.511376857757568
P29466;0.019124984741210938;0.8181159496307373;0.0032241344451904297;0.003135204315185547;0.0033788681030273438;0.003489971160888672;0.0039539337158203125;0.030344009399414062;0.33388328552246094;0.36593103408813477;0.8484847545623779;2.4761641025543213;6.388872146606445
P00747;0.01681685447692871;0.7230911254882812;0.0030710697174072266;0.004040956497192383;0.0042307376861572266;0.004115104675292969;0.003481149673461914;0.026233911514282227;0.34311819076538086;0.3651418685913086;0.7876970767974854;2.4797556400299072;6.823024034500122
P00749;0.016719818115234375;1.1283698081970215;0.0032629966735839844;0.0031080245971679688;0.0039958953857421875;0.0034699440002441406;0.0032329559326171875;0.027684926986694336;0.34896278381347656;0.3856041431427002;0.8061268329620361;2.3093459606170654;6.485909938812256
P08246;0.01684284210205078;0.9998669624328613;0.003491640090942383;0.004107952117919922;0.004415988922119141;0.0035898685455322266;0.0032711029052734375;0.026009082794189453;0.397219181060791;0.36400508880615234;0.7849109172821045;2.439908027648926;6.272381067276001
P07477;0.015919208526611328;1.007431983947754;0.0032911300659179688;0.003264904022216797;0.003459930419921875;0.0035867691040039062;0.003493070602416992;0.0277559757232666;0.39324474334716797;0.3683030605316162;0.8070461750030518;2.331385850906372;5.983441114425659
P00742;0.01702094078063965;0.8148231506347656;0.004499912261962891;0.003428220748901367;0.0032808780670166016;0.0041599273681640625;0.003569364547729492;0.029165983200073242;0.32732391357421875;0.3586411476135254;0.8067169189453125;2.2939867973327637;6.80833888053894
P00734;0.018920183181762695;0.7714831829071045;0.003203868865966797;0.0035271644592285156;0.003216981887817383;0.006148099899291992;0.0065860748291015625;0.026256799697875977;0.3311131000518799;0.34597206115722656;0.9816720485687256;2.1867151260375977;5.163490056991577
