Protein;NLCP;OPCA;SIMPLIFIED;AVERAGED;AVERAGED-3;CLOSEST;FARTHEST;BESTPROTEIN;SUPER5;SUPER10;SUPER30;SUPER50;SUPER80
P00750;0.22625451568800864;0.13500832552919678;0.26114879633082305;0.2517971291185488;0.1544098838115006;0.03472041455196454;0.07974038244196378;0.3328216487711639;0.13770416172200886;0.2857020201297304;0.4062199661137608;0.4860547794719908;0.6406391164359064
P07858;0.034469531234439105;-0.030039254868331332;0.029864290219311616;0.029445631945209116;0.0701950372911857;-0.02976014448627947;0.0399120887977716;0.0399120887977716;0.04891356970739256;0.20717598093227307;0.5302658880196599;0.5826618873406617;0.6305516163285899
P29466;0.24351774269040546;0.014528201219473536;0.22878025704357463;0.2305264046320617;0.2726434844663696;0.016029634862311216;0.04442431815947609;0.04442431815947609;0.4597811089004496;0.46394246697523134;0.5342143861286315;0.5689053629668364;0.6483370925744832
P00747;0.4681826508699609;0.016631174564818392;0.4542779650221701;0.4287045227091479;0.4702089618729053;0.0709245946453896;0.016631174564818392;0.0709245946453896;0.2614847045122366;0.3420841116513717;0.5769218368289626;0.5997766276185121;0.6690330938956696
P00749;0.2836006746353238;0.0013959173543513905;0.2800412715575825;0.26908389345551637;0.299583092376554;0.004920351313348179;0.07164670742455566;0.07164670742455566;0.25487468919571765;0.19657221162622357;0.4385616574044172;0.5149987804048811;0.7027509421291384
P08246;0.14930084122469872;0.003247948124888183;0.14685614908768613;0.14217630985397625;0.13274678303978477;-0.03380836810387741;-0.05424102389836933;0.008871513392535115;0.3676521888644379;0.3772244843501888;0.4539390759346304;0.4652274379406077;0.5222033104242407
P07477;0.37491985149312734;0.05931679923172883;0.34830204409186366;0.31798149707835066;0.3698198516498406;0.05931679923172883;-0.007161458105812145;0.05931679923172883;0.3170821965780232;0.41361976708676035;0.5437153731461194;0.568643456042569;0.5713030530874125
P00742;-0.2433560640804232;0.053748449889035335;-0.23169954243939908;-0.22262560343740426;-0.22395179452231115;-0.07409220192782712;-0.08306868294324725;0.05493510397749456;0.015201042889853513;0.14379314672728388;0.44839156112239503;0.561356954245694;0.5419069268987815
P00734;0.01336474284385129;0.0699691337812848;0.019855192371152436;0.03025386957080696;0.0028264860844698547;0.05349386626533688;0.047879962805175265;0.0699691337812848;0.21357575158950673;0.20965522869943634;0.3910113257528097;0.3928797859552261;0.4549889582636251
