Protein;NLCP;OPCA;SIMPLIFIED;AVERAGED;AVERAGED-3;CLOSEST;FARTHEST;BESTPROTEIN;SUPER5;SUPER10;SUPER30;SUPER50;SUPER80
P00750;1.1586187242575292;1.427566679501423;1.1235679034454324;1.1536408154538194;1.4090902625457853;1.6770291123844205;1.7411507892515954;1.381905389605078;1.971431721112363;1.3431098015349587;1.1101205327559531;0.924311319240362;0.6429648441505338
P07858;2.898390929290565;2.604230578757499;2.8694288837359077;2.867422260982888;3.006305359388053;4.258944457523017;2.07109390449439;2.07109390449439;3.0019968341922727;2.4655074059243365;1.4918521123964943;1.2608526324676825;1.0613075074211704
P29466;2.361833650739487;2.4686557555347113;2.47010232591942;2.492739743513738;1.744082706676394;1.843149357794084;2.322684696824271;1.843149357794084;1.5455983469810086;1.369468156533067;1.1105305940202626;1.1134441395245918;0.902977995204673
P00747;0.899543754733866;2.0922402149771036;0.9264457250432405;0.9451150364540847;0.875823399682266;1.4366263063168219;2.0922402149771036;1.4366263063168219;2.0515025377824108;1.4643926009979302;0.8429389228017078;0.7348692036304155;0.6160984352906151
P00749;1.4651721853635962;1.795435930187287;1.5068311739721032;1.6212209914958906;1.5237779474990178;1.7420220351873263;3.2612038671440056;1.6369310639758643;1.7544689735495482;1.6079260660462944;1.1117987368804931;1.0296376821821305;0.6014418513271064
P08246;3.9326229695612485;3.266576431469684;3.8407288052893622;3.8083835484051947;4.249093213996491;3.4265258732344264;5.409395815668447;2.475059661085113;1.8397723000589932;1.6065784644054717;1.1449591766837122;1.084392976152196;1.010343149074767
P07477;1.4349404970862403;2.1424884255215413;1.5052829541628185;1.6633167768512926;1.490588400631039;2.1424884255215413;3.9342991186528855;1.7020533701220846;1.22907011933861;1.1511085177304665;1.0745762099755334;0.9149784335482387;0.9129116590141516
P00742;3.1822690219929264;3.0054465004922735;3.1621879831958797;3.2321676810957065;3.0746299516942055;3.0694917181483805;3.9807287277969845;2.913439645738965;1.9823858380852049;1.6510976514896853;1.238019510896538;1.0594464001228376;1.1795109937311585
P00734;2.581761578988083;4.952279034170723;2.637611515712567;2.749204517990102;2.4408091653556263;2.133153960902551;3.6981654093610126;2.133153960902551;2.0790818935345294;1.9685315610360612;1.3190794906800647;1.326080288060311;1.1535193632546277
