Protein;NLCP;OPCA;SIMPLIFIED;AVERAGED;AVERAGED-3;CLOSEST;FARTHEST;BESTPROTEIN;SUPER5;SUPER10;SUPER30;SUPER50;SUPER80
P00750;0.019936800003051758;0.7605531215667725;0.0034592151641845703;0.003106832504272461;0.0035400390625;0.005424022674560547;0.0037648677825927734;0.025275230407714844;0.38827991485595703;0.6160638332366943;0.7833430767059326;1.9604840278625488;6.009351015090942
P07858;0.018696069717407227;0.7940628528594971;0.0032782554626464844;0.0032248497009277344;0.003511190414428711;0.0072629451751708984;0.0069119930267333984;0.02615189552307129;0.36058902740478516;0.393064022064209;0.7828519344329834;2.0659561157226562;6.136085748672485
P29466;0.02399587631225586;0.572685956954956;0.0033402442932128906;0.0032720565795898438;0.003367185592651367;0.006846904754638672;0.0040607452392578125;0.025471925735473633;0.37056708335876465;0.33687496185302734;0.7129998207092285;2.190945625305176;6.707923173904419
P00747;0.022838115692138672;0.924645185470581;0.0031270980834960938;0.003354787826538086;0.003332853317260742;0.005650758743286133;0.0037200450897216797;0.025985002517700195;0.30777716636657715;0.349959135055542;0.7487318515777588;2.320276975631714;12.00755786895752
P00749;0.02223491668701172;0.8304049968719482;0.0031938552856445312;0.003270864486694336;0.0031499862670898438;0.0037670135498046875;0.004242897033691406;0.026468992233276367;0.3390040397644043;0.37425684928894043;0.8449831008911133;3.2246639728546143;7.51212215423584
P08246;0.026149988174438477;1.0925838947296143;0.005692005157470703;0.007169008255004883;0.004572868347167969;0.007493019104003906;0.003679990768432617;0.030652761459350586;0.585381031036377;0.5508790016174316;1.4236769676208496;2.556473970413208;7.17748498916626
P07477;0.02408313751220703;0.7680420875549316;0.003258943557739258;0.003152132034301758;0.003290891647338867;0.0067479610443115234;0.0068171024322509766;0.02621293067932129;0.5852799415588379;0.5247948169708252;1.532283067703247;2.333847999572754;5.832555055618286
P00742;0.02104926109313965;0.6562850475311279;0.003332853317260742;0.0030829906463623047;0.0031991004943847656;0.008031129837036133;0.008466005325317383;0.026623010635375977;0.4772191047668457;0.713798999786377;1.8095800876617432;2.2647929191589355;8.800357103347778
P00734;0.05247211456298828;0.6518080234527588;0.0043811798095703125;0.008538007736206055;0.005331993103027344;0.006777048110961914;0.0042629241943359375;0.05506587028503418;0.5020260810852051;0.34394001960754395;1.0350630283355713;3.3372862339019775;6.616760015487671
