Protein;NLCP;OPCA;SIMPLIFIED;AVERAGED;AVERAGED-3;CLOSEST;FARTHEST;BESTPROTEIN;SUPER5;SUPER10;SUPER30;SUPER50;SUPER80
P00750;0.1813106822200637;0.13242610374342254;0.21606538574030681;0.20329407902503674;0.14652363889819006;0.06396233153140804;0.07604126623240222;0.27496693146537754;0.26045257356098117;0.2669081198612085;0.41304048175564173;0.5452763352680968;0.4706934600762714
P07858;0.013221931497478275;0.01876919040137516;0.010431022474263862;0.010431022474263862;0.05836488494797138;0.013222392537333967;0.04441033983189932;0.04441033983189932;0.3864837838245453;0.4327656822591076;0.5593438856402704;0.6098537098434493;0.6217295511555578
P29466;0.2503844274305417;-0.04969361952444198;0.2547844884983588;0.2572988091085399;0.21120293125521844;-0.056711898207419766;-0.0017810702535243587;0.015644661574460626;0.4026957005778993;0.46662972118599083;0.5267520744333445;0.6097208379744627;0.6187311299667355
P00747;0.4944105903228458;0.034800915050286534;0.49580821743329906;0.48434767512758226;0.4626575801655002;-0.022817455990948497;0.0678257680804636;0.07610079616418079;0.3113016532158048;0.35209117430423337;0.4005149174150342;0.5545587501982053;0.5719369590360732
P00749;0.2684880508388863;0.01622442412476701;0.2670226189824558;0.25725307327291863;0.27462890814202395;0.01622442412476701;0.004606044498035497;0.0664701197470681;0.22499904362023984;0.366669589535231;0.5831581037317266;0.5801570418161887;0.6554324369528635
P08246;0.16866900759965361;-0.0684140515030239;0.16873884983882534;0.16461815772769506;0.1639895775751498;-0.0684140515030239;0.03440030155435274;0.05112451907368383;0.17803940939969193;0.45195005093850327;0.474178649634851;0.4392094368895388;0.3822616783852289
P07477;0.45497312236182175;0.0285340478214177;0.43010624102908074;0.38428412261818723;0.45406506208843517;-0.020327643154864614;0.033671016094176685;0.033671016094176685;0.3336176189193164;0.45290484814188914;0.6144955814501525;0.6209418333823203;0.6146342067771778
P00742;-0.12218973482206057;-0.03858040800382864;-0.10794590287708893;-0.08944288588974833;-0.15640286057223754;-0.017874612636827148;-0.018050742930298107;0.1445754736473958;0.34700025508106824;0.3773669437065734;0.43241167135923037;0.5257405613242903;0.5239795121603775
P00734;-0.08142115266020757;-0.13097881951725632;-0.05650272017011404;-0.027256716771376817;-0.08232854656040704;0.014553202168584035;0.08299887732732855;0.08299887732732855;0.29517468046500833;0.3692720399245887;0.41438634949161546;0.4824107701679909;0.5560976156555418
