Protein;NLCP;OPCA;SIMPLIFIED;AVERAGED;AVERAGED-3;CLOSEST;FARTHEST;BESTPROTEIN;SUPER5;SUPER10;SUPER30;SUPER50;SUPER80
P00750;1.2172806669252865;1.4239628302664742;1.1664720155144683;1.196630172512129;1.4944499255553252;1.7653832407310037;1.7946427406926804;1.3636491498113135;1.734724460749969;1.3783583169787819;1.019501111594696;0.8491563752384045;0.885984650503951
P07858;2.9431599222472795;2.5649284199337354;2.8460417143993952;2.843370078160706;3.034163562754693;4.640003503413946;2.0383923042193484;2.0383923042193484;1.811709601982659;1.5884298574497524;1.3163102898899859;1.1488418099499662;1.109934056496774
P29466;2.2139652080068055;2.541644400994742;2.3410211987975895;2.3534550781202013;1.7575607495621692;1.9853701412314966;2.446679648493287;1.9853701412314966;1.4642003994783317;1.1797177746058332;1.2205202132584012;1.005942790918797;0.9855596431066193
P00747;0.9146860935072119;1.4465222077714408;0.9295958285786059;0.9279408286879849;0.9726730127451325;1.728028358120755;2.4201904901818723;1.4465222077714408;1.5767762595959118;1.431610470486445;1.302688573114646;0.820564769625454;0.5548403041196179
P00749;1.5504957367635477;1.6462173639583564;1.516710281078406;1.6521058025353972;1.5574587689501103;1.6462173639583564;3.7622575568745455;1.6462173639583564;1.5784405336192686;1.342757910574004;0.9131934112030202;0.9569406883478055;0.832353125518168
P08246;3.88268428301104;3.5749392784416782;3.7756262617766767;3.785710440537199;4.066041353519608;3.5749392784416782;5.970791344354812;2.6567281476023656;1.937631510528254;1.6961958208048253;1.2818684690603062;1.2089497058827747;1.178898731044079
P07477;1.3149318923224165;1.8464265751511042;1.338147127180398;1.5331672971158314;1.3074214526704846;2.1520534325004723;4.329079470852527;1.653544757511046;1.6138749759004054;1.1773906533993284;0.9145067095228482;0.8142480972595151;0.7873786481208834
P00742;3.1089340053991266;5.700132642599676;3.072008472262308;3.198412358476222;2.9314948818470823;2.6851463704973;4.362787580840329;2.6592156800730264;1.7801560020370788;1.4149145831338215;1.3039146698067756;1.1740368295920809;1.2353740922612795
P00734;2.694522177842666;2.8886085315701884;2.70205463897932;2.827180277638355;2.548379707268399;2.261035544609756;4.090496330594055;2.261035544609756;1.8732481932454013;1.6146946879854234;1.4731257562256028;1.232033395530625;0.9449799607999446
