Protein;NLCP;OPCA;SIMPLIFIED;AVERAGED;AVERAGED-3;CLOSEST;FARTHEST;BESTPROTEIN;SUPER5;SUPER10;SUPER30;SUPER50;SUPER80
P00750;0.05174708366394043;1.197699785232544;0.004266977310180664;0.004377126693725586;0.0039653778076171875;0.010735034942626953;0.008881807327270508;0.030098915100097656;0.3943653106689453;0.3907759189605713;0.759774923324585;3.6259920597076416;7.946406841278076
P07858;0.022912979125976562;0.885962963104248;0.0032639503479003906;0.00374603271484375;0.003331899642944336;0.0051081180572509766;0.006543159484863281;0.025569915771484375;0.37293314933776855;0.3531529903411865;0.7463738918304443;2.1780190467834473;5.980479955673218
P29466;0.02528095245361328;0.8982481956481934;0.0033881664276123047;0.0036728382110595703;0.003912925720214844;0.004990816116333008;0.003905057907104492;0.039511919021606445;0.4270670413970947;0.4472770690917969;0.9757339954376221;3.6424267292022705;6.658144950866699
P00747;0.020888090133666992;0.5132360458374023;0.0032312870025634766;0.003100156784057617;0.003276824951171875;0.005816936492919922;0.004475831985473633;0.026339054107666016;0.3373570442199707;0.371539831161499;0.7323217391967773;2.2953662872314453;5.631359100341797
P00749;0.018522024154663086;0.7119207382202148;0.0034210681915283203;0.0032320022583007812;0.0033698081970214844;0.01053476333618164;0.005223989486694336;0.026677846908569336;0.3101770877838135;0.3455541133880615;0.7601079940795898;2.234771966934204;6.047104835510254
P08246;0.018100976943969727;0.7045402526855469;0.0032567977905273438;0.0036520957946777344;0.0033349990844726562;0.006806850433349609;0.007389068603515625;0.02628612518310547;0.3707101345062256;0.34703803062438965;0.7434401512145996;2.193626880645752;5.204864025115967
P07477;0.024548053741455078;0.7243678569793701;0.003055095672607422;0.0035657882690429688;0.0032329559326171875;0.01300811767578125;0.004152774810791016;0.02654290199279785;0.3129422664642334;0.3398439884185791;0.7801949977874756;2.044429063796997;5.573031187057495
P00742;0.024384021759033203;0.8434193134307861;0.0033826828002929688;0.003492116928100586;0.0033140182495117188;0.008607149124145508;0.003859996795654297;0.026021957397460938;0.37265610694885254;0.3305809497833252;0.7297499179840088;2.2592079639434814;5.207499027252197
P00734;0.021512269973754883;0.5933070182800293;0.0035419464111328125;0.003351926803588867;0.0032792091369628906;0.006494998931884766;0.004148960113525391;0.0257570743560791;0.3692798614501953;0.3384840488433838;0.7447738647460938;2.0305368900299072;5.4462950229644775
