Protein;NLCP;OPCA;SIMPLIFIED;AVERAGED;AVERAGED-3;CLOSEST;FARTHEST;BESTPROTEIN;SUPER5;SUPER10;SUPER30;SUPER50;SUPER80
P00750;0.11612816597928635;0.1255867055000205;0.14188014509368338;0.14250824214525407;0.12677313172591675;0.020762458953184824;0.07101605175903557;0.2288366924555769;0.18511647297876427;0.23239579842775634;0.44358825941590463;0.43286856800392415;0.5820765379251449
P07858;0.005093675668247075;-0.05564763242158939;0.009419811167306233;0.01018735133649415;0.0473781613525995;-0.05564763242158939;0.05009944013426574;0.05009944013426574;0.3954164268565079;0.3918121709445;0.5217733403109247;0.5096006857439903;0.475177304964539
P29466;0.24902258924377232;0.07901681776489845;0.23386894317930274;0.23791922645920704;0.23666224199302982;-0.02793298813727115;0.025454379209284565;0.09706713377701724;-0.05790085483188955;0.3286037072209131;0.5049441741832579;0.532192976938407;0.6731804579958749
P00747;0.430948799354715;-0.06321764267786921;0.4339541185847268;0.41871784900001585;0.3855894463250021;-0.06321764267786921;-0.11599648909361887;0.02467157414405034;0.4627224004636559;0.5069076729123873;0.5666206869260778;0.5584739626232573;0.6181182041756319
P00749;0.2332252274823284;-0.05994628079213648;0.2214313724720012;0.2051712055051004;0.23375269863678025;-0.05994628079213648;0.027812195002291637;0.039847876987555216;0.48603924186290054;0.4479980513862677;0.5317686107650521;0.5963832957271862;0.5767526671514392
P08246;0.15866931859704317;0.02845225404985482;0.15741253191508636;0.1463807377067991;0.1609790407448091;0.01895653245284806;0.028314585740732062;0.02845225404985482;0.44151649306877205;0.4830623343367922;0.5289607462454625;0.5259177777222088;0.5252885830056185
P07477;0.42295184567065414;-0.0604516261956818;0.39501348578818996;0.34102260531532796;0.4341696821098594;-0.0604516261956818;0.08378599992231266;0.08378599992231266;0.5008327284767974;0.5041856111744281;0.6238361328322833;0.6035623934778336;0.6311590149301993
P00742;-0.14996868763421903;-0.0009425570670217569;-0.16218680697127133;-0.17217075591526265;-0.1460588894463623;0.02206243263147729;0.04510703336564752;0.06490132575054261;-0.05412938832973944;0.30330755463692965;0.3873824963424753;0.42063963647432884;0.5026650913267351
P00734;-0.057765165609663896;-0.029563199559749443;-0.040383260791771076;-0.01902236571436062;-0.05999898470272643;-0.04415283051131409;-0.05448994389979215;0.005305412840080128;0.2050558915580472;0.27352097101791023;0.3770207480526577;0.4727325983056116;0.6110865345879877
