Protein;NLCP;OPCA;SIMPLIFIED;AVERAGED;AVERAGED-3;CLOSEST;FARTHEST;BESTPROTEIN;SUPER5;SUPER10;SUPER30;SUPER50;SUPER80
P00750;1.280758228603945;1.451529666760331;1.2258790751340414;1.2360902874849813;1.5260582024140807;1.8024368085923248;1.8796307084908;1.451529666760331;1.5864679406122106;1.562789496177648;1.0755644680784064;0.941921273011454;0.7945131261685912
P07858;3.082746679845283;4.478551478741499;3.0130870510271217;3.010547457321915;3.1956642925862364;4.478551478741499;2.019370943143297;2.019370943143297;1.74704289372603;1.664238545853855;1.3913956510923837;1.3044112559710181;1.3367750350018746
P29466;2.310666470848372;2.486881959240574;2.4324341715909537;2.4579546441148583;1.7819660625444038;1.8188198556921997;2.3656591601957633;1.8188198556921997;1.8528370467101891;1.4422556982707855;1.0818570788873434;0.9560046480305928;0.6693236178862149
P00747;0.9132672494920508;1.752972734319704;0.9092806286415518;0.9292332383665871;0.9768209882989664;1.752972734319704;2.3942722917146;1.6220404365741539;1.5361970935403122;0.9142028073773074;0.7140806541529061;0.6886062004387934;0.739614888829939
P00749;1.6555159576768352;1.8786325413568872;1.6450432686804415;1.7365498335709324;1.7651419270107154;1.8786325413568872;3.1488319164627683;1.8238688297970087;1.0774138284921342;1.0791022621745616;0.9045583803632092;0.8351104954707056;0.82229162014572
P08246;4.097268910831954;3.2373991835664304;3.9560078491040063;3.918907686517185;4.473804469713147;3.667899109629616;5.230287992676142;2.2100903254348805;1.7781959955531328;1.448882246159295;1.0779675748606254;1.0981525608243514;0.894775775517384
P07477;1.4285570895209816;2.363366697625837;1.493297404690733;1.6462522413371485;1.3981280365365405;2.363366697625837;3.678247790067824;1.8117602990412627;1.1813876880701903;1.1368333865504425;0.8878961485457985;0.8690719896959609;0.7882777577230713
P00742;3.3016984600192605;3.0046665368258143;3.3271255691104953;3.4195683595462327;3.2254919418068346;2.9978123387694753;4.258986396019113;2.9978123387694753;2.587045890525461;1.6967711586272822;1.3986054261129268;1.2515706371004705;1.081853722892186
P00734;2.6222099309145706;2.9074759780870028;2.6790936643610697;2.771050961832935;2.5200288591381925;2.094524472459601;3.909033520884955;2.094524472459601;1.7895721782917553;1.5810732639478824;1.2989109952547622;1.111729771371567;0.8936263869602787
