Protein;NLCP;OPCA;SIMPLIFIED;AVERAGED;AVERAGED-3;CLOSEST;FARTHEST;BESTPROTEIN;SUPER5;SUPER10;SUPER30;SUPER50;SUPER80
P00750;0.02093219757080078;1.580216884613037;0.015903949737548828;0.004745006561279297;0.005168914794921875;0.004998207092285156;0.005795955657958984;0.06949496269226074;1.2972831726074219;0.9346468448638916;1.4883029460906982;3.1611530780792236;10.051321744918823
P07858;0.02385997772216797;0.8578128814697266;0.00345611572265625;0.0033702850341796875;0.003920078277587891;0.004155158996582031;0.006172895431518555;0.025760889053344727;0.37050318717956543;0.35791873931884766;0.7323188781738281;2.1493752002716064;7.452432155609131
P29466;0.030367136001586914;0.7672300338745117;0.0041201114654541016;0.0038869380950927734;0.0035851001739501953;0.006317138671875;0.0049779415130615234;0.03127598762512207;0.4855811595916748;0.4226100444793701;1.1111080646514893;5.2430338859558105;13.499473094940186
P00747;0.0351259708404541;2.017629861831665;0.003665924072265625;0.004803180694580078;0.004526853561401367;0.019168853759765625;0.01737380027770996;0.03296303749084473;0.6362817287445068;0.9377779960632324;1.679231882095337;4.710573673248291;12.780423164367676
P00749;0.03034210205078125;1.0414681434631348;0.0031337738037109375;0.0032770633697509766;0.0034990310668945312;0.004324197769165039;0.0044591426849365234;0.02671504020690918;0.49627184867858887;0.3441901206970215;1.379871129989624;3.5038881301879883;6.210572957992554
P08246;0.02296900749206543;0.7563948631286621;0.0032660961151123047;0.003154277801513672;0.00333404541015625;0.0072209835052490234;0.0043218135833740234;0.02562880516052246;0.36488914489746094;0.3375740051269531;0.707050085067749;2.296152114868164;5.423315048217773
P07477;0.018896102905273438;0.6256668567657471;0.0032880306243896484;0.003265857696533203;0.0031108856201171875;0.005992889404296875;0.007264852523803711;0.02558588981628418;0.36835503578186035;0.33077311515808105;0.7084548473358154;2.3011209964752197;5.447514057159424
P00742;0.02021193504333496;0.834758996963501;0.0033807754516601562;0.0030889511108398438;0.003364086151123047;0.006863117218017578;0.006702899932861328;0.026041269302368164;0.3253622055053711;0.33383870124816895;0.7011520862579346;2.078873872756958;5.211989879608154
P00734;0.0227658748626709;0.6942319869995117;0.0033719539642333984;0.0031609535217285156;0.0030210018157958984;0.0055239200592041016;0.00503993034362793;0.026237010955810547;0.3696632385253906;0.35106611251831055;0.7096898555755615;2.0835108757019043;5.052602767944336
