Protein;NLCP;OPCA;SIMPLIFIED;AVERAGED;AVERAGED-3;CLOSEST;FARTHEST;BESTPROTEIN;SUPER5;SUPER10;SUPER30;SUPER50;SUPER80
P00750;0.17293001606858463;0.1495245918870944;0.1920514141326654;0.17997841462505235;0.14526235026495243;0.040651126125070755;0.11463370211107657;0.27153780973481145;0.17987743689164828;0.19061170962956459;0.4698246308881963;0.421753576860248;0.3612963700092703
P07858;-0.04584148076704579;0.013257049232478996;-0.03830589488753141;-0.039352504037463966;0.022885853411858476;-0.048458848468775455;-0.004535306316374393;0.013257049232478996;0.1238226027490867;0.44794006067567044;0.5193110831805964;0.578836862519989;0.5507761073717566
P29466;0.24351433872288908;-0.033450922927520464;0.2324105876884929;0.23436596522914133;0.2618110857103846;-0.033450922927520464;-0.05255352009187449;0.04466020493187825;0.49284585090844446;0.5026312911108672;0.5348759646798364;0.5588223255409703;0.549825545695258
P00747;0.4501102723773209;-0.06765461275658263;0.4374606396934772;0.40866700065621986;0.5058194070771074;0.09323476592694342;-0.007793268521233476;0.14977146657910068;0.4343773844887861;0.4696800845891921;0.5931786704424482;0.6386655961794634;0.6169557178290979
P00749;0.2593769105576502;-0.027493812956608604;0.25651587926013514;0.24835147287454323;0.24646737909325275;-0.027493812956608604;-0.07533280072911504;0.009211125152975473;0.3166525266753896;0.46595424319458423;0.458575639761987;0.5424988816179832;0.6288248955339379
P08246;0.17028350197356118;0.03216065466873652;0.1737052332004238;0.1794313956617041;0.1452839146426057;-0.06550285402753453;-0.02898148436169146;0.07643296768141664;0.1670537248001051;0.40177689039912157;0.5085643793305274;0.5906768074543098;0.5791574848852772
P07477;0.47754780416276793;0.04954873648659186;0.46867846062245333;0.4382293757123967;0.4690974847267201;0.02269713898112015;0.05098304376356642;0.05098304376356642;0.46980997486216514;0.5491723657710463;0.583322089346875;0.5659378231604195;0.5785272907426744
P00742;-0.1791516093799408;-0.02916066312732195;-0.17810393914964873;-0.17335450077232475;-0.1844598052134205;0.07808907731641293;0.024797456128753146;0.09038532177402445;0.23826320053851138;0.39230609906498276;0.47385193365317246;0.4869193402170676;0.5625556784215577
P00734;0.03581028674651167;-0.01832493557857022;0.046281130824439055;0.05947439436262757;0.007189979600176806;0.02970281220368868;0.0021642008354534293;0.0476090977803006;0.24312889717177458;0.38782569474131023;0.39757419886382395;0.4973013615097169;0.5714287963777337
