Protein;NLCP;OPCA;SIMPLIFIED;AVERAGED;AVERAGED-3;CLOSEST;FARTHEST;BESTPROTEIN;SUPER5;SUPER10;SUPER30;SUPER50;SUPER80
P00750;1.2210872324654412;1.5941865905480184;1.196206949961611;1.2135502118238306;1.443166885072609;1.592345122508134;1.8753431332858348;1.4287787294156025;1.724694700928749;1.392424255623639;1.0213593271679229;0.9504301775146842;1.1623953432685965
P07858;2.951373805561916;2.4675326033398024;2.929154776323815;2.928337287210861;2.9579960397064258;4.085000774521543;2.154359109417197;2.154359109417197;2.6200128723556255;1.5693425325896357;1.2880552930978435;1.1280352097336508;1.2011914208915537
P29466;2.3576356618898378;1.960326768011372;2.458625041577924;2.4689723418188017;1.9165095551978175;1.960326768011372;2.498784990730344;1.960326768011372;1.1684658376545842;1.1301429054640952;1.0886791711415085;1.1213781752455108;1.1437909983077537
P00747;0.8993003732640963;3.2379935283874133;0.915785263513608;0.931482641523341;0.8388986205771106;1.5408462088864912;1.8519168831833677;1.3837000852553754;1.4803956197638917;1.0201408431596488;0.7771911107148933;0.7083538100333356;0.6891764903676607
P00749;1.4600622775685286;1.6811366754108743;1.4725387237339147;1.5735037500151097;1.51225893442899;1.6811366754108743;3.3377813084430126;1.6811366754108743;1.5197939439066885;1.1170825735874392;1.1848023286054215;1.0260499615390284;0.8104917372862837
P08246;3.813488490110335;3.7057103142812178;3.7414831097843786;3.7034718991615923;4.192461078150145;3.4270775218062988;5.372313903834711;2.25875310091851;1.8464473975434272;1.4371428019506909;1.1722489894710333;1.0593996113966173;0.9892260961598931
P07477;1.447705695493588;2.006630162313236;1.5106385501436583;1.6610477664812775;1.449375027197503;2.2369515087036587;4.014019556577881;1.8765604187973672;1.3497989320580615;1.149679381522858;0.9499342867504447;0.9158358855644044;0.8255508902208167
P00742;3.208926366612468;3.3673133787824887;3.2291315953026354;3.2851723914287616;3.1780248958537034;2.808283653781695;3.659646485449099;2.808283653781695;1.9719166208349541;1.5105358101809192;1.302789052194747;1.2274484371383303;0.9912185397384349
P00734;2.5837419904154135;5.026885096812215;2.6367361682616717;2.7190949173729853;2.5333873781328093;2.321479952897004;3.4543511301153047;2.321479952897004;1.8032255312198953;1.5868721876466303;1.3878063240274778;1.3198695999455397;1.2094152353078302
