Protein;NLCP;OPCA;SIMPLIFIED;AVERAGED;AVERAGED-3;CLOSEST;FARTHEST;BESTPROTEIN;SUPER5;SUPER10;SUPER30;SUPER50;SUPER80
P00750;0.01806497573852539;0.7807459831237793;0.0031669139862060547;0.0032439231872558594;0.003276824951171875;0.005082845687866211;0.005466938018798828;0.026942968368530273;0.4040040969848633;0.595487117767334;0.7637689113616943;1.8806920051574707;6.741252183914185
P07858;0.023108959197998047;0.8008058071136475;0.0033731460571289062;0.003448009490966797;0.003184795379638672;0.004704952239990234;0.006778240203857422;0.026152849197387695;0.3698718547821045;0.3379178047180176;0.7854530811309814;2.0629630088806152;5.852030038833618
P29466;0.023006916046142578;0.7489690780639648;0.0033049583435058594;0.0034859180450439453;0.0030989646911621094;0.006009101867675781;0.005597114562988281;0.026077985763549805;0.3650822639465332;0.33320021629333496;0.7425358295440674;2.371999979019165;5.580868244171143
P00747;0.023930788040161133;0.5806400775909424;0.0032372474670410156;0.0031821727752685547;0.0033721923828125;0.006245136260986328;0.005554914474487305;0.026487112045288086;0.31299471855163574;0.34536123275756836;0.7108209133148193;2.1708548069000244;5.731859922409058
P00749;0.01757216453552246;0.8690571784973145;0.003467082977294922;0.0032050609588623047;0.003159046173095703;0.01184988021850586;0.0037419795989990234;0.026096820831298828;0.3665940761566162;0.3284139633178711;0.6925950050354004;2.1344869136810303;5.9431281089782715
P08246;0.023583173751831055;0.5569798946380615;0.0032660961151123047;0.0032219886779785156;0.0033690929412841797;0.004426002502441406;0.005567073822021484;0.026154041290283203;0.30855512619018555;0.3308138847351074;0.7696719169616699;2.1990621089935303;5.646677017211914
P07477;0.022203922271728516;0.75199294090271;0.003167867660522461;0.0031981468200683594;0.0036160945892333984;0.005914211273193359;0.006185054779052734;0.027070999145507812;0.3041720390319824;0.33542299270629883;0.7150979042053223;2.2440671920776367;5.447108030319214
P00742;0.017995834350585938;0.7087953090667725;0.003209829330444336;0.0033097267150878906;0.003268003463745117;0.006846904754638672;0.008108139038085938;0.02640986442565918;0.3680860996246338;0.3428170680999756;0.7259681224822998;2.0786359310150146;5.162126064300537
P00734;0.019869089126586914;0.7218170166015625;0.003268003463745117;0.003236055374145508;0.0036420822143554688;0.003373861312866211;0.003217935562133789;0.02762913703918457;0.31319212913513184;0.34284114837646484;0.7173058986663818;2.149057149887085;5.240638017654419
