Protein;NLCP;OPCA;SIMPLIFIED;AVERAGED;AVERAGED-3;CLOSEST;FARTHEST;BESTPROTEIN;SUPER5;SUPER10;SUPER30;SUPER50;SUPER80
P00750;0.1905925608710523;0.1391957122088307;0.21411130602430922;0.20796991263117387;0.16941468608018878;0.060054103963749716;0.0789391204761302;0.2947170943092105;0.22536797421105104;0.3827568842999972;0.40099910222804924;0.43363710717599174;0.5797872340425533
P07858;0.06639106582573376;-0.09821196377175595;0.06778656904855528;0.06778656904855528;0.05864602293907433;-0.09821196377175595;-0.017060026898993066;0.027352340025364116;0.40734868627314663;0.44840966150835593;0.538088532679189;0.47033277841331567;0.44611977779064993
P29466;0.23413382396343912;-0.057302551099776826;0.22680077354847683;0.2253341634654844;0.2034048507959781;-0.0460585404635013;-0.008520454741219943;0.03736428923403827;0.29422823722812613;0.43894152585534285;0.5175300923019643;0.4917622507255465;0.5636929094976917
P00747;0.4389590225213017;-0.041066062533453365;0.43162032379273924;0.41736228054867497;0.4327386016942344;-0.025091797862787295;-0.03229421571155695;0.054830563357688274;0.24485474602481028;0.3682492412839071;0.4623214488518293;0.615742924888755;0.6714111746221587
P00749;0.20957504954074332;0.037550174019591556;0.2121572263083116;0.2140415174630236;0.2095052609794577;0.008793358721989232;0.037550174019591556;0.03782803824730654;0.2635184858370606;0.3164383133228287;0.43658164910959024;0.5172728938393119;0.623503387250153
P08246;0.18147551975995194;0.011802512270182476;0.17979939412045268;0.16750780609745805;0.14921010119959105;0.011802512270182476;0.007019265655150276;0.12376473269051345;0.25382219804874123;0.4162176641584978;0.581819933569559;0.6203807836119275;0.6234468093840425
P07477;0.4724752799136586;0.07485821212800943;0.4401292715445881;0.4020545964665246;0.4553591415758136;0.07485821212800943;-0.0018165965479843677;0.07485821212800943;0.3545225240080153;0.4793552464040572;0.5340773650748534;0.671906815530096;0.6056847920226737
P00742;-0.140309310644227;0.02614539826261667;-0.1439392032579085;-0.1335381648071673;-0.15894741310293775;-0.011553032713773153;0.02614539826261667;0.04216700982625392;0.050254395231717576;0.23550222796243434;0.42415624990667405;0.4588420426253419;0.5732034199689688
P00734;-0.08818862658997163;0.06466700635980112;-0.07032057086616257;-0.050777384918246425;-0.0967736689885205;0.06466700635980112;0.05423896052941177;0.10675465324049198;0.26282719195052073;0.365995767478944;0.40488009917487383;0.46828803598873003;0.3166297428852128
