Protein;NLCP;OPCA;SIMPLIFIED;AVERAGED;AVERAGED-3;CLOSEST;FARTHEST;BESTPROTEIN;SUPER5;SUPER10;SUPER30;SUPER50;SUPER80
P00750;1.1899206787058112;1.434947973858548;1.1594461769053888;1.1845514135868744;1.4501817451269192;1.627617868143041;1.811057309591663;1.434947973858548;1.2699499025331566;1.0951007855986536;0.8812604722357676;0.8793803974785538;0.6133081909240948
P07858;2.9572596514800153;4.235426359277389;2.918983052597613;2.918643528498522;2.9365021499590407;4.235426359277389;2.1986550714879143;2.1986550714879143;1.7152275947240163;1.6883729124343463;1.3344557206223895;1.4085333924099157;1.3706734445962094
P29466;2.3523475973995454;2.3917276910861225;2.4643594821305634;2.4965291167092247;1.8722772357558672;1.939153703019808;2.315707374668204;1.939153703019808;1.7473812198211887;1.4004088280791476;1.2307928461151216;1.1638719174527297;0.970442413328661
P00747;0.976403648710714;2.739946700730366;0.9172581837451081;0.9074942302523881;0.8931923138269313;1.6308188291667314;2.3018782907401527;1.4965286571476861;1.5107045354003348;1.150295196438555;1.2134543622002572;0.809246590403661;0.7031983133416474
P00749;1.4810382569016702;2.8747260201458533;1.525805492298818;1.6152327146537049;1.5450851768308305;1.6858951869379295;2.8747260201458533;1.6858951869379295;1.843491626349737;1.514068713653791;1.1489445854344684;0.9497309879322308;0.8997584068098766
P08246;4.01623831806503;3.470782471699595;3.9396386507589636;3.9052790066863414;4.419131451736874;3.470782471699595;5.0299905905118445;2.636720888159091;2.351542333217251;1.6624128165695662;1.0575289660773275;1.022958367032301;1.113766045129332
P07477;1.5126360866078392;2.171560537708177;1.48666624589018;1.6571361980946802;1.3976295324183736;2.171560537708177;3.600521009512353;1.7774846317172541;1.442124425697721;1.1467833610304092;1.0003757848229806;0.6915751209501979;0.7070737380430093
P00742;3.2803336152152647;4.34616371476073;3.3438528809447914;3.4195674916608856;3.2844466007351474;3.117601815782088;4.34616371476073;2.9245074463869836;2.551307055260169;1.9538731254247632;1.4398520169421911;1.3146912961658452;1.0832591242652365
P00734;2.4802499005163123;2.250694175615847;2.5726642136416777;2.657308199369812;2.469797707357603;2.250694175615847;3.8003983846555744;2.250694175615847;1.7912485090891905;1.6450299720932868;1.4474588862667614;1.3594304358964073;1.3695338567647186
