Protein;NLCP;OPCA;SIMPLIFIED;AVERAGED;AVERAGED-3;CLOSEST;FARTHEST;BESTPROTEIN;SUPER5;SUPER10;SUPER30;SUPER50;SUPER80
P00750;0.017882108688354492;0.9347610473632812;0.0031991004943847656;0.003147125244140625;0.003292083740234375;0.004071235656738281;0.0041086673736572266;0.029139041900634766;0.41790103912353516;0.4542851448059082;0.8192708492279053;2.5575571060180664;6.652124881744385
P07858;0.01667499542236328;0.7977890968322754;0.003110170364379883;0.0031859874725341797;0.0034089088439941406;0.0041370391845703125;0.0032889842987060547;0.027386188507080078;0.3678700923919678;0.3786759376525879;0.8321468830108643;2.4562060832977295;7.0258097648620605
P29466;0.016632080078125;0.787041187286377;0.0032639503479003906;0.003159046173095703;0.00323486328125;0.0034890174865722656;0.003228902816772461;0.02740931510925293;0.40662407875061035;0.3741161823272705;0.7812960147857666;2.3655340671539307;6.761336088180542
P00747;0.02049398422241211;0.8698251247406006;0.0033600330352783203;0.003958940505981445;0.004172801971435547;0.00429081916809082;0.0030901432037353516;0.02648305892944336;0.406278133392334;0.36868882179260254;1.015362024307251;2.58229398727417;6.533720970153809
P00749;0.016668081283569336;0.8423218727111816;0.003100872039794922;0.0032520294189453125;0.003968954086303711;0.0033299922943115234;0.0038809776306152344;0.027220964431762695;0.35005855560302734;0.37076711654663086;0.9590611457824707;2.516695737838745;6.97233510017395
P08246;0.01792311668395996;0.8135442733764648;0.003245830535888672;0.003916025161743164;0.004911899566650391;0.003421783447265625;0.003058910369873047;0.03184008598327637;0.3986330032348633;0.3868720531463623;0.8609619140625;2.6433448791503906;5.937172174453735
P07477;0.0177919864654541;0.8893599510192871;0.004022121429443359;0.0033037662506103516;0.003323793411254883;0.0033740997314453125;0.003119945526123047;0.02794790267944336;0.38703203201293945;0.3690807819366455;0.8200230598449707;2.4049417972564697;6.595707178115845
P00742;0.01575183868408203;0.8321189880371094;0.003615856170654297;0.003753185272216797;0.0037147998809814453;0.003419160842895508;0.0031578540802001953;0.028663158416748047;0.3398098945617676;0.3606703281402588;0.7783763408660889;2.3003857135772705;6.681255102157593
P00734;0.016731977462768555;0.8289201259613037;0.0036580562591552734;0.003181934356689453;0.003217935562133789;0.003926992416381836;0.00459599494934082;0.029083967208862305;0.40145206451416016;0.3628091812133789;0.7946822643280029;2.3157958984375;6.450904130935669
