Protein;NLCP;OPCA;SIMPLIFIED;AVERAGED;AVERAGED-3;CLOSEST;FARTHEST;BESTPROTEIN;SUPER5;SUPER10;SUPER30;SUPER50;SUPER80
P00750;0.16791127845322296;0.1302626206256117;0.19038319518719543;0.18877805827762595;0.15713168515326265;0.06675392265116399;0.07659962339610962;0.22869711533300566;0.1583446445142051;0.24502733086778294;0.4050227655192107;0.5225983801481424;0.5738359766014921
P07858;0.03429449170083882;-0.022362939145714838;0.026061022686191867;0.02557259655820433;0.10037156930143773;0.03984231161857885;0.03575977008480142;0.04270314310082357;0.21429677406349798;0.2846306733583522;0.5035489974608267;0.5272154438991083;0.5490022712771617
P29466;0.25906619537431097;0.034535175525703406;0.24754283043651304;0.24551751175047587;0.2991535376427715;0.032789211141188566;-0.010196609772279602;0.034535175525703406;0.460129948909912;0.4813341514661784;0.6069457606602822;0.6504000727300775;0.6761315882606104
P00747;0.42631629700658574;-0.04625983109134638;0.4265259263937387;0.40682076400136735;0.34700651220041057;0.002131269259064058;0.0002795350911389286;0.04741200630409716;0.4165703862024725;0.48636145590540464;0.5508457203914817;0.5983449041478941;0.6482498535738064
P00749;0.26759956585783;0.00041873135675195864;0.26990254816929393;0.268925525370491;0.2743689381066785;0.01420172425402749;-0.08552737074452638;0.01420172425402749;0.37946977653612635;0.33086215779129796;0.5424578131448714;0.5732306943599891;0.6063032450032717
P08246;0.16097510153476127;-0.004504587881354909;0.16300038480786674;0.15943867974137094;0.13290048512826497;-0.004504587881354909;0.03645637008067067;0.07333433610603009;0.16040100307113922;0.39053124959212854;0.49710941170482636;0.5024192028370781;0.5578714517501369
P07477;0.4290957101889293;0.003457130201996422;0.40297562626792344;0.3577194380839348;0.40597873752087327;0.003457130201996422;0.048400666669935234;0.048400666669935234;0.32484351118398935;0.46459111653830204;0.5469346168193944;0.5779033790869337;0.6702180819582286
P00742;-0.23906189920152535;-0.013089241086373484;-0.22537927918590292;-0.2098118084538427;-0.2403882756316112;-0.06021050899731803;-0.0015010566670794498;0.05085961151996017;0.36139283270289213;0.29601221709518305;0.4596834033516524;0.5385479897429377;0.5270632065968538
P00734;-0.09654792904809506;-0.02412079121630907;-0.060735139748259365;-0.018569594451766657;-0.126324311951725;-0.027295907633987832;0.025343864651704424;0.03571243201932927;0.07002480420832187;0.3077289925145233;0.36077532776775617;0.3627570409543737;0.49822695035460995
