Protein;NLCP;OPCA;SIMPLIFIED;AVERAGED;AVERAGED-3;CLOSEST;FARTHEST;BESTPROTEIN;SUPER5;SUPER10;SUPER30;SUPER50;SUPER80
P00750;1.242128413786477;1.443288904575281;1.2035188471289542;1.2149944748542063;1.4836798014421464;1.7170983782896057;1.768785482591225;1.443288904575281;1.398311605694179;1.1583393606431835;1.0952183468401846;0.8591856586023942;0.76760427188032
P07858;3.036171512348512;2.5710754357620136;3.015326325391682;3.016791815875385;3.016491895565695;4.085901762970605;2.097596668381578;2.097596668381578;2.6888001033845184;2.0527944356642616;1.3437644141149316;1.2696472887496715;1.2655714675036553
P29466;2.61007238637976;2.4122086327252332;2.7139481387158475;2.731292149549013;2.199118108109864;1.8488494525994348;2.5216918767824095;1.8488494525994348;1.144650537317848;1.0746694760149023;0.9585811940651027;0.8829050218917135;0.8005824149423635
P00747;1.042662925722469;2.8318573573148083;0.992239966182094;0.9805484201576176;1.0935791649263056;1.7629051632286237;2.024959939295493;1.5995596539034203;1.1547495263346905;0.9750319092231889;0.801072470420858;0.697241753881663;0.7067082624960749
P00749;1.418135933693838;1.7921981680631047;1.441878612757816;1.522157787504353;1.498688185020686;1.6844294796877775;2.9176032253450295;1.6844294796877775;1.1740889411055766;1.2448044033470447;0.9935566090221907;0.982615984751592;0.6396861482098148
P08246;3.9643903274586174;3.4954983846516066;3.8844665572749437;3.812151977361811;4.468235535469225;3.4954983846516066;5.0202876510451855;2.5249983942370613;1.598781900175469;1.5321692409853975;1.250735985095093;1.267487167033155;1.1285368202772443
P07477;1.4025458932445203;2.2188161002421998;1.5074571764121512;1.6676184224397406;1.4480833809565195;2.2188161002421998;3.562098599002646;1.6652512184091068;1.5429821535189885;1.172090670073096;1.0297553585253374;0.95125659675323;0.8419407662679773
P00742;3.1779631389025456;3.1156080567413205;3.2141191715914323;3.2650957248705437;3.1995248721420486;2.894459192841384;3.8168755382833837;2.894459192841384;1.750774300161834;1.5271484019097814;1.2426837591988213;1.1113015896505738;1.1413709162671402
P00734;2.4033941253312876;2.640501504266337;2.498141139424888;2.559017684026573;2.4418287518029524;1.9877038051897478;3.3208454860982353;1.9877038051897478;2.2014923625663796;1.5086302404588796;1.3901462999451961;1.4707980077519243;1.2069908333742227
