Protein;NLCP;OPCA;SIMPLIFIED;AVERAGED;AVERAGED-3;CLOSEST;FARTHEST;BESTPROTEIN;SUPER5;SUPER10;SUPER30;SUPER50;SUPER80
P00750;0.02320408821105957;0.733306884765625;0.003536224365234375;0.003377199172973633;0.003253936767578125;0.005085945129394531;0.0032889842987060547;0.0270841121673584;0.367203950881958;0.43712782859802246;0.8538148403167725;2.1209299564361572;5.764411926269531
P07858;0.022811174392700195;0.714792013168335;0.0036759376525878906;0.0036911964416503906;0.0032999515533447266;0.006130218505859375;0.0046405792236328125;0.02811884880065918;0.3665449619293213;0.40887975692749023;0.7379786968231201;2.1541669368743896;5.5459418296813965
P29466;0.021420001983642578;0.7966828346252441;0.0034079551696777344;0.0031599998474121094;0.0031228065490722656;0.0046689510345458984;0.00563502311706543;0.02627706527709961;0.3673059940338135;0.34381890296936035;0.7054877281188965;2.158892869949341;5.6417458057403564
P00747;0.0213320255279541;0.7849609851837158;0.003519296646118164;0.0032808780670166016;0.0034799575805664062;0.0058422088623046875;0.004415035247802734;0.026944875717163086;0.3146998882293701;0.3587658405303955;0.7851958274841309;2.1183717250823975;5.828773021697998
P00749;0.022226810455322266;0.9347109794616699;0.003119945526123047;0.003549337387084961;0.0032181739807128906;0.0065898895263671875;0.0038819313049316406;0.02697610855102539;0.3848569393157959;0.3307321071624756;0.7203660011291504;2.2728798389434814;5.523346185684204
P08246;0.019984960556030273;0.7872970104217529;0.0036432743072509766;0.003504037857055664;0.00337982177734375;0.006980180740356445;0.007325887680053711;0.02683091163635254;0.3622620105743408;0.3350391387939453;0.6918332576751709;2.206545829772949;5.216048002243042
P07477;0.023405075073242188;0.799461841583252;0.003267049789428711;0.003345966339111328;0.0031812191009521484;0.005666971206665039;0.004288673400878906;0.027152061462402344;0.32737207412719727;0.3380160331726074;0.7771351337432861;2.12862491607666;5.631906032562256
P00742;0.0180819034576416;0.8346080780029297;0.0034461021423339844;0.003443002700805664;0.0031709671020507812;0.008217811584472656;0.00674891471862793;0.026907920837402344;0.37866711616516113;0.34156298637390137;0.7246630191802979;2.059846878051758;5.428675174713135
P00734;0.023376941680908203;0.864893913269043;0.003201007843017578;0.0032799243927001953;0.003387928009033203;0.005697965621948242;0.004045963287353516;0.026599884033203125;0.3841731548309326;0.33333420753479004;0.7651820182800293;2.154595136642456;5.72868013381958
