Protein;NLCP;OPCA;SIMPLIFIED;AVERAGED;AVERAGED-3;CLOSEST;FARTHEST;BESTPROTEIN;SUPER5;SUPER10;SUPER30;SUPER50;SUPER80
P00750;0.1591179197312337;0.11218706812519195;0.18333455049734693;0.17523907738821398;0.15587546914937248;0.04407224480314695;0.06054685493952173;0.237281108371138;0.14326051863229497;0.14899901623206296;0.4166073252941188;0.5631395916719893;0.5490022712771617
P07858;0.02717457960973582;-0.039732793550050195;0.02459316896644898;0.02501177609779279;0.025360615373912637;-0.05023373153129619;-0.021523383336594357;0.08169958280992756;0.43298969080264277;0.43208068577667486;0.4858966960836616;0.47615046228752156;0.4248337446555096
P29466;0.24804037487271552;-0.07913125278381387;0.2353991506429643;0.23700549405337468;0.27492916674262835;-0.07637115301233688;-0.07969276950080353;0.011943438724485016;0.29926457282405516;0.3923043282872106;0.51170792945475;0.5481840152544266;0.6447612302176849
P00747;0.4149119081987352;-0.007407162273780447;0.4018454671692365;0.35992105744891967;0.3590825692545133;0.037070104458078595;-0.007162711052400522;0.058274929511240345;0.4610057865529864;0.4034704583453483;0.5358440861958896;0.5410417556927832;0.6269483458527736
P00749;0.2812277392501629;0.059218696303204685;0.2771099984347368;0.2716662054923091;0.2845777656762723;-0.00296616923145103;0.025790022789452822;0.059218696303204685;0.37413917910692185;0.3515011341295906;0.4920279604024747;0.6184470928542013;0.5874004086988504
P08246;0.20349737316160119;-0.006742488072135455;0.20468516898778047;0.20447555795963118;0.1917974346512018;0.035808550642170166;-0.012367697546386213;0.05987783978528711;0.19871861604567448;0.2721177113628911;0.45366327563467285;0.5300406405786426;0.48735063178154636
P07477;0.35419138812047635;0.04426596099153621;0.3302246005636953;0.28515586011435473;0.4209909476081812;0.04426596099153621;-0.07997638889001624;0.09922110300474975;0.4191331797174147;0.4213508749065077;0.49709021183502344;0.5005974858603446;0.5008888895905982
P00742;-0.15749337055766466;-0.018191037175488093;-0.1657328818526345;-0.16740871465839105;-0.1707982711339709;0.003177099694246837;-0.046997241797888535;0.003177099694246837;0.18473817399967807;0.36891724534664727;0.4825670228844995;0.5260505334948513;0.5814474750763441
P00734;0.055621483344646165;0.019715612283276347;0.059459854215355754;0.07006771553077135;0.0018145025934263492;-0.04871241577736892;-0.02544014827141864;0.019715612283276347;0.12112778098534581;0.30054100884299856;0.3486266216167702;0.48381231220799087;0.5011086967230959
