Protein;NLCP;OPCA;SIMPLIFIED;AVERAGED;AVERAGED-3;CLOSEST;FARTHEST;BESTPROTEIN;SUPER5;SUPER10;SUPER30;SUPER50;SUPER80
P00750;1.2337159165384144;2.6892652604701106;1.1971516385275367;1.2172936246000465;1.4730068528090428;1.6332426392492854;1.7480861886698427;1.4142353208859284;1.9294403204707968;1.534248757517967;0.9814210578848859;0.8137209037593703;0.8119826074959576
P07858;3.0155044200840755;2.5335822300010857;2.971304194022694;2.969207422354379;3.131885239020466;4.226022490611127;2.1335442171242933;2.1335442171242933;1.571672578251839;1.555700025734247;1.3517598012237813;1.304048938816406;1.480806333830782
P29466;2.334175302267354;2.5924429653434222;2.4739257289726795;2.509543655434163;1.7748570504722319;2.0024312890178075;2.633752600276488;2.0024312890178075;1.4942029292855095;1.2815656538410303;1.1337290293108295;1.0295573495802122;0.8578959500355773
P00747;0.9087343720539607;2.8569401031290824;0.9165082739874455;0.9351662864606691;0.9970709366864641;1.6619771354504147;2.075319993320494;1.4402656249752133;1.1065536162533418;0.8997143583842379;0.7301981418018206;0.7193099422882724;0.4744587542769625
P00749;1.3900544959163887;1.6946216840183566;1.4208658083514905;1.5286211163256023;1.4541961465725088;1.670652674996395;2.940727077420366;1.5756512607920596;1.453977952983834;1.1645764198284922;0.868244738136619;0.8111175634422241;0.7831438732742267
P08246;3.906400649134197;3.1458503940185123;3.783386800071909;3.7210324525818668;4.302081305104068;3.5225642541918414;5.103415614552993;2.546555607796545;2.7225790240998484;1.541267822276563;1.2318270740703796;1.0763635361031372;1.2415062381338942
P07477;1.4548477483619422;2.1540904805243457;1.4507571835764554;1.5955959879202024;1.3913283145771775;2.1540904805243457;3.5938825076914616;1.5673743619039748;1.4278543337224499;1.085213595306314;1.0645310713279403;0.8799860971920886;0.8943805406616475
P00742;3.125247455166142;4.921185655806966;3.153793877327056;3.239749487578313;3.0530060866380073;2.501820522001691;3.9522051137810665;2.501820522001691;2.3392671633294566;1.4338499592025753;1.1691865219518318;1.0551000672885689;0.9849064766219805
P00734;2.536596260306562;2.8163752643321702;2.630046167231823;2.718675350698959;2.5332490350269494;2.2222465616012035;3.6256355500701396;2.2222465616012035;2.428383278724127;1.78505075535878;1.7053812531014896;1.4940461928633517;1.4986365038833627
