Protein;NLCP;OPCA;SIMPLIFIED;AVERAGED;AVERAGED-3;CLOSEST;FARTHEST;BESTPROTEIN;SUPER5;SUPER10;SUPER30;SUPER50;SUPER80
P00750;0.018152952194213867;0.654627799987793;0.0033559799194335938;0.003103017807006836;0.0032041072845458984;0.00644683837890625;0.006412982940673828;0.02739572525024414;0.3704509735107422;0.46327805519104004;1.027416706085205;2.0066869258880615;5.786842107772827
P07858;0.018728971481323242;0.5816769599914551;0.003108978271484375;0.003088712692260742;0.003777027130126953;0.004867076873779297;0.007858991622924805;0.025969982147216797;0.37598085403442383;0.3470301628112793;0.7470991611480713;2.0663461685180664;5.864516019821167
P29466;0.02010965347290039;0.6761260032653809;0.0031931400299072266;0.0032210350036621094;0.0038101673126220703;0.007516145706176758;0.005554914474487305;0.02859020233154297;0.3833909034729004;0.33777379989624023;0.7126979827880859;2.1713452339172363;5.3668529987335205
P00747;0.020086050033569336;0.6084697246551514;0.0031380653381347656;0.0034329891204833984;0.0032362937927246094;0.00587916374206543;0.004745006561279297;0.04422402381896973;0.36285972595214844;0.3305830955505371;0.7044012546539307;2.3992292881011963;5.540563344955444
P00749;0.02074599266052246;0.8585000038146973;0.003202199935913086;0.003200054168701172;0.0032262802124023438;0.005608797073364258;0.0048182010650634766;0.026189088821411133;0.365861177444458;0.33046507835388184;0.6977012157440186;2.2317678928375244;5.495356798171997
P08246;0.02256298065185547;0.7889761924743652;0.003125905990600586;0.0033600330352783203;0.0038149356842041016;0.0036530494689941406;0.0032100677490234375;0.026052236557006836;0.3690948486328125;0.33523988723754883;0.7242529392242432;2.1056008338928223;5.465941905975342
P07477;0.021681785583496094;0.8028562068939209;0.003252267837524414;0.0031762123107910156;0.003328084945678711;0.0059299468994140625;0.004127025604248047;0.02678227424621582;0.3018631935119629;0.34109997749328613;1.3191242218017578;3.0059781074523926;6.837974786758423
P00742;0.05108809471130371;4.734074831008911;0.008937835693359375;0.008300065994262695;0.007178068161010742;0.016507863998413086;0.013906240463256836;0.07402324676513672;0.4548969268798828;0.809898853302002;1.2571501731872559;2.3800411224365234;6.43316125869751
P00734;0.025615930557250977;0.8753368854522705;0.0033142566680908203;0.0043010711669921875;0.0031638145446777344;0.00581812858581543;0.005403995513916016;0.026399850845336914;0.4038560390472412;0.38398313522338867;0.872809886932373;2.503391981124878;6.156198740005493
